0
0
542
124
186
650
650
0
0
650
0
0
0
0
0
0
2635
0
0
775
0
0
0
0
0
563
0
1268
0
1207
0
0
932
0
0
633
0
3166
0
0
0
985
0
0
0
464
952
0
0
857
0
0
0
0
938
0
474
1245
0
0
135
0
616
135
0
0
0
1383
421
2138
0
0
5565
0
797
0
662
0
0
0
0
0
0
0
1355
0
1934
829
0
0
0
0
0
0
2649
0
0
0
0
88
405
0
0
0
0
0
923
405
0
0
4096
0
899
0
899
0
0
0
6957
0
0
7741
899
535
0
183
0
0
8904
0
14064
13414
18303
0
1100
1069
0
50
0
200
0
0
0
0
2129
1292
653
2419
0
0
0
0
6776
0
406
0
0
0
426
11504
0
387
866
0
0
0
0
4256
0
0
0
479
0
0
0
0
1064
559
0
0
0
0
0
9991
0
0
0
707
0
0
302
302
0
884
302
0
0
1186
0
0
0
0
9459
0
483
86
661
250
21868
0
0
28787
3277
618
0
12411
2224
0
1814
0
0
0
4233
634
1326
23254
23254
22329
3158
0
31884
1872
828
0
9284
0
372
0
8385
0
0
986
0
0
0
4860
0
0
8837
444
0
0
0
395
0
0
4763
6241
0
0
1253
0
8084
0
0
229
0
0
850
229
19403
395
0
0
2021
0
0
1203
344
0
0
14255
344
0
5217
7245
0
690
0
317
0
7014
346
0
346
2369
3375
0
2025
37101
0
0
8595
0
226
226
0
0
12502
0
1144
0
0
4171
113
0
0
0
0
579
